MEME version 4

ALPHABET= ACGT

strands: + -

Background letter frequencies (from uniform background):
A 0.25000 C 0.25000 G 0.25000 T 0.25000

MOTIF MA0002.2;fwd;RUNX1 GGGGGTCTGTGGTTTGGGG
letter-probability matrix: alength= 4 w= 19 nsites= 20 E= 0
       0.25        0.25        0.25        0.25
       0.25        0.25        0.25        0.25
       0.25        0.25        0.25        0.25
       0.25        0.25        0.25        0.25
     0.1435       0.248       0.348      0.2605
      0.117      0.2425      0.2335       0.407
     0.0615       0.536      0.0745       0.328
     0.0285         0.0      0.0035       0.968
        0.0      0.0375       0.936      0.0265
     0.0435      0.0635       0.035       0.858
        0.0         0.0      0.9935      0.0065
     0.0085       0.021       0.924      0.0465
      0.005         0.2      0.1255      0.6695
     0.0655      0.2315      0.0405      0.6625
       0.25       0.079      0.1445      0.5265
       0.25        0.25        0.25        0.25
       0.25        0.25        0.25        0.25
       0.25        0.25        0.25        0.25
       0.25        0.25        0.25        0.25

MOTIF MA0002.2;rev;RUNX1 GGGGAAACCACAGACGGGG
letter-probability matrix: alength= 4 w= 19 nsites= 20 E= 0
       0.25        0.25        0.25        0.25
       0.25        0.25        0.25        0.25
       0.25        0.25        0.25        0.25
       0.25        0.25        0.25        0.25
     0.5265      0.1445       0.079        0.25
     0.6625      0.0405      0.2315      0.0655
     0.6695      0.1255         0.2       0.005
     0.0465       0.924       0.021      0.0085
     0.0065      0.9935         0.0         0.0
      0.858       0.035      0.0635      0.0435
     0.0265       0.936      0.0375         0.0
      0.968      0.0035         0.0      0.0285
      0.328      0.0745       0.536      0.0615
      0.407      0.2335      0.2425       0.117
     0.2605       0.348       0.248      0.1435
       0.25        0.25        0.25        0.25
       0.25        0.25        0.25        0.25
       0.25        0.25        0.25        0.25
       0.25        0.25        0.25        0.25

MOTIF MA0003.4;fwd;TFAP2A GGATTGCCTCAGGCCAGGG
letter-probability matrix: alength= 4 w= 19 nsites= 20 E= 0
       0.25        0.25        0.25        0.25
       0.25        0.25        0.25        0.25
 0.27148046  0.25626253  0.25501002  0.21724699
 0.17303357  0.28932866   0.2112976  0.32634018
 0.17798096  0.16495491  0.23741232   0.4196518
 0.06813627  0.22639028  0.62381012  0.08166333
 0.01753507  0.95948146  0.01171092  0.01127255
 0.00726453  0.96136022  0.01327655   0.0180987
 0.01740982  0.07345942  0.04696894  0.86216182
 0.03319138  0.84769539   0.0880511  0.03106212
 0.84963677  0.04628006  0.07696643  0.02711673
  0.0116483  0.01358968  0.96643287  0.00832916
 0.00964429  0.01465431  0.96580661  0.00989479
 0.07646543  0.59149549  0.25663828   0.0754008
 0.26427856  0.29953657  0.19106964  0.24511523
  0.3259018  0.24517786  0.24054359  0.18837675
       0.25        0.25        0.25        0.25
       0.25        0.25        0.25        0.25
       0.25        0.25        0.25        0.25

MOTIF MA0003.4;rev;TFAP2A GGGTGGCCTGAGGCAATGG
letter-probability matrix: alength= 4 w= 19 nsites= 20 E= 0
       0.25        0.25        0.25        0.25
       0.25        0.25        0.25        0.25
       0.25        0.25        0.25        0.25
 0.18837675  0.24054359  0.24517786   0.3259018
 0.24511523  0.19106964  0.29953657  0.26427856
  0.0754008  0.25663828  0.59149549  0.07646543
 0.00989479  0.96580661  0.01465431  0.00964429
 0.00832916  0.96643287  0.01358968   0.0116483
 0.02711673  0.07696643  0.04628006  0.84963677
 0.03106212   0.0880511  0.84769539  0.03319138
 0.86216182  0.04696894  0.07345942  0.01740982
  0.0180987  0.01327655  0.96136022  0.00726453
 0.01127255  0.01171092  0.95948146  0.01753507
 0.08166333  0.62381012  0.22639028  0.06813627
  0.4196518  0.23741232  0.16495491  0.17798096
 0.32634018   0.2112976  0.28932866  0.17303357
 0.21724699  0.25501002  0.25626253  0.27148046
       0.25        0.25        0.25        0.25
       0.25        0.25        0.25        0.25

MOTIF MA0004.1;fwd;ARNT GGGGGGCACGTGGGGGGGG
letter-probability matrix: alength= 4 w= 19 nsites= 20 E= 0
       0.25        0.25        0.25        0.25
       0.25        0.25        0.25        0.25
       0.25        0.25        0.25        0.25
       0.25        0.25        0.25        0.25
       0.25        0.25        0.25        0.25
       0.25        0.25        0.25        0.25
        0.2         0.8         0.0         0.0
       0.95         0.0        0.05         0.0
        0.0         1.0         0.0         0.0
        0.0         0.0         1.0         0.0
        0.0         0.0         0.0         1.0
        0.0         0.0         1.0         0.0
       0.25        0.25        0.25        0.25
       0.25        0.25        0.25        0.25
       0.25        0.25        0.25        0.25
       0.25        0.25        0.25        0.25
       0.25        0.25        0.25        0.25
       0.25        0.25        0.25        0.25
       0.25        0.25        0.25        0.25

MOTIF MA0004.1;rev;ARNT GGGGGGGCACGTGGGGGGG
letter-probability matrix: alength= 4 w= 19 nsites= 20 E= 0
       0.25        0.25        0.25        0.25
       0.25        0.25        0.25        0.25
       0.25        0.25        0.25        0.25
       0.25        0.25        0.25        0.25
       0.25        0.25        0.25        0.25
       0.25        0.25        0.25        0.25
       0.25        0.25        0.25        0.25
        0.0         1.0         0.0         0.0
        1.0         0.0         0.0         0.0
        0.0         1.0         0.0         0.0
        0.0         0.0         1.0         0.0
        0.0        0.05         0.0        0.95
        0.0         0.0         0.8         0.2
       0.25        0.25        0.25        0.25
       0.25        0.25        0.25        0.25
       0.25        0.25        0.25        0.25
       0.25        0.25        0.25        0.25
       0.25        0.25        0.25        0.25
       0.25        0.25        0.25        0.25

MOTIF MA0006.1;fwd;AHR::ARNT GGGGGGTGCGTGGGGGGGG
letter-probability matrix: alength= 4 w= 19 nsites= 20 E= 0
       0.25        0.25        0.25        0.25
       0.25        0.25        0.25        0.25
       0.25        0.25        0.25        0.25
       0.25        0.25        0.25        0.25
       0.25        0.25        0.25        0.25
       0.25        0.25        0.25        0.25
      0.125  0.33333333  0.08333333  0.45833333
        0.0         0.0  0.95833333  0.04166667
        0.0  0.95833333         0.0  0.04166667
        0.0         0.0  0.95833333  0.04166667
        0.0         0.0         0.0         1.0
        0.0         0.0         1.0         0.0
       0.25        0.25        0.25        0.25
       0.25        0.25        0.25        0.25
       0.25        0.25        0.25        0.25
       0.25        0.25        0.25        0.25
       0.25        0.25        0.25        0.25
       0.25        0.25        0.25        0.25
       0.25        0.25        0.25        0.25

MOTIF MA0006.1;rev;AHR::ARNT GGGGGGGCACGCAGGGGGG
letter-probability matrix: alength= 4 w= 19 nsites= 20 E= 0
       0.25        0.25        0.25        0.25
       0.25        0.25        0.25        0.25
       0.25        0.25        0.25        0.25
       0.25        0.25        0.25        0.25
       0.25        0.25        0.25        0.25
       0.25        0.25        0.25        0.25
       0.25        0.25        0.25        0.25
        0.0         1.0         0.0         0.0
        1.0         0.0         0.0         0.0
 0.04166667  0.95833333         0.0         0.0
 0.04166667         0.0  0.95833333         0.0
 0.04166667  0.95833333         0.0         0.0
 0.45833333  0.08333333  0.33333333       0.125
       0.25        0.25        0.25        0.25
       0.25        0.25        0.25        0.25
       0.25        0.25        0.25        0.25
       0.25        0.25        0.25        0.25
       0.25        0.25        0.25        0.25
       0.25        0.25        0.25        0.25

MOTIF MA0007.3;fwd;AR GGGGAACACGGTGTACCCG
letter-probability matrix: alength= 4 w= 19 nsites= 20 E= 0
       0.25        0.25        0.25        0.25
 0.35267569  0.05383623  0.50128949  0.09219858
 0.29380476  0.00531915  0.69493116  0.00594493
 0.00207738         0.0  0.99636458  0.00155804
 0.44349759  0.10781771   0.0681734   0.3805113
 0.99494949  0.00229568  0.00137741  0.00137741
 0.00181818       0.995  0.00227273  0.00090909
 0.86788353  0.00869187  0.11864407  0.00478053
 0.08066478  0.49777057  0.13295501  0.28860965
 0.20995509  0.22866766  0.37088323  0.19049401
 0.26169844  0.08665511  0.57989601  0.07175043
 0.01159115   0.0972954  0.00280998  0.88830348
        0.0  0.00110406  0.99861993  0.00027601
 0.00787402  0.00143164         0.0  0.99069435
 0.45419992  0.04256937  0.08741923  0.41581148
 0.00320954  0.99312242         0.0  0.00366804
 0.01330561  0.64116424   0.0008316  0.34469854
 0.15478762  0.39308855  0.12347012  0.32865371
       0.25        0.25        0.25        0.25

MOTIF MA0007.3;rev;AR GGGGTACACCGTGTTCCCG
letter-probability matrix: alength= 4 w= 19 nsites= 20 E= 0
       0.25        0.25        0.25        0.25
 0.32865371  0.12347012  0.39308855  0.15478762
 0.34469854   0.0008316  0.64116424  0.01330561
 0.00366804         0.0  0.99312242  0.00320954
 0.41581148  0.08741923  0.04256937  0.45419992
 0.99069435         0.0  0.00143164  0.00787402
 0.00027601  0.99861993  0.00110406         0.0
 0.88830348  0.00280998   0.0972954  0.01159115
 0.07175043  0.57989601  0.08665511  0.26169844
 0.19049401  0.37088323  0.22866766  0.20995509
 0.28860965  0.13295501  0.49777057  0.08066478
 0.00478053  0.11864407  0.00869187  0.86788353
 0.00090909  0.00227273       0.995  0.00181818
 0.00137741  0.00137741  0.00229568  0.99494949
  0.3805113   0.0681734  0.10781771  0.44349759
 0.00155804  0.99636458         0.0  0.00207738
 0.00594493  0.69493116  0.00531915  0.29380476
 0.09219858  0.50128949  0.05383623  0.35267569
       0.25        0.25        0.25        0.25

MOTIF MA0009.2;fwd;TBXT GTCACACCTAGGTGTGAGG
letter-probability matrix: alength= 4 w= 19 nsites= 20 E= 0
       0.25        0.25        0.25        0.25
 0.00730748  0.02192243  0.00309162  0.96767847
 0.26076332  0.55596928  0.15371189   0.0295555
 0.69343994  0.00999455  0.25713247  0.03943304
        0.0  0.99962006         0.0  0.00037994
 0.96680791         0.0  0.03319209         0.0
 0.03737356  0.87502143  0.01902966  0.06857535
 0.24828263  0.48173591  0.18176862  0.08821284
 0.07857589   0.0763273  0.02673329  0.81836352
  0.8017341  0.02331407  0.09460501  0.08034682
 0.09026249  0.16968671  0.49271804  0.24733277
  0.0785124  0.01593861  0.86233766  0.04321133
        0.0  0.02722063  0.00186246  0.97091691
 0.00157068         0.0  0.99842932         0.0
 0.05662921  0.26426966  0.00775281  0.67134831
 0.03612591   0.1198063  0.68358354  0.16048426
 0.96752494  0.00278358  0.02574809   0.0039434
       0.25        0.25        0.25        0.25
       0.25        0.25        0.25        0.25

MOTIF MA0009.2;rev;TBXT GGTCACACCTAGGTGTGAG
letter-probability matrix: alength= 4 w= 19 nsites= 20 E= 0
       0.25        0.25        0.25        0.25
       0.25        0.25        0.25        0.25
  0.0039434  0.02574809  0.00278358  0.96752494
 0.16048426  0.68358354   0.1198063  0.03612591
 0.67134831  0.00775281  0.26426966  0.05662921
        0.0  0.99842932         0.0  0.00157068
 0.97091691  0.00186246  0.02722063         0.0
 0.04321133  0.86233766  0.01593861   0.0785124
 0.24733277  0.49271804  0.16968671  0.09026249
 0.08034682  0.09460501  0.02331407   0.8017341
 0.81836352  0.02673329   0.0763273  0.07857589
 0.08821284  0.18176862  0.48173591  0.24828263
 0.06857535  0.01902966  0.87502143  0.03737356
        0.0  0.03319209         0.0  0.96680791
 0.00037994         0.0  0.99962006         0.0
 0.03943304  0.25713247  0.00999455  0.69343994
  0.0295555  0.15371189  0.55596928  0.26076332
 0.96767847  0.00309162  0.02192243  0.00730748
       0.25        0.25        0.25        0.25

MOTIF MA0014.3;fwd;PAX5 GGGGAGCGTGACCCCGGGG
letter-probability matrix: alength= 4 w= 19 nsites= 20 E= 0
       0.25        0.25        0.25        0.25
       0.25        0.25        0.25        0.25
       0.25        0.25        0.25        0.25
 0.38243626  0.12677054  0.40934844  0.08144476
 0.44263456  0.10481586  0.25070822  0.20184136
 0.01274788  0.10694051  0.87181303  0.00849858
 0.01274788  0.90368272  0.02407932  0.05949008
  0.0786119  0.02478754  0.88031161  0.01628895
 0.06657224  0.06232295  0.02124646  0.84985836
 0.01133144  0.02620397  0.95963173  0.00283286
 0.88031161   0.0276204  0.04957507  0.04249292
 0.02266289  0.92422096  0.04036827  0.01274788
 0.04886686  0.76558074  0.08356941    0.101983
 0.26699717   0.2868272  0.22096317  0.22521246
 0.18626062  0.28541076  0.25424929  0.27407932
       0.25        0.25        0.25        0.25
       0.25        0.25        0.25        0.25
       0.25        0.25        0.25        0.25
       0.25        0.25        0.25        0.25

MOTIF MA0014.3;rev;PAX5 GGGGGGGGTCACGCTCGGG
letter-probability matrix: alength= 4 w= 19 nsites= 20 E= 0
       0.25        0.25        0.25        0.25
       0.25        0.25        0.25        0.25
       0.25        0.25        0.25        0.25
       0.25        0.25        0.25        0.25
 0.27407932  0.25424929  0.28541076  0.18626062
 0.22521246  0.22096317   0.2868272  0.26699717
   0.101983  0.08356941  0.76558074  0.04886686
 0.01274788  0.04036827  0.92422096  0.02266289
 0.04249292  0.04957507   0.0276204  0.88031161
 0.00283286  0.95963173  0.02620397  0.01133144
 0.84985836  0.02124646  0.06232295  0.06657224
 0.01628895  0.88031161  0.02478754   0.0786119
 0.05949008  0.02407932  0.90368272  0.01274788
 0.00849858  0.87181303  0.10694051  0.01274788
 0.20184136  0.25070822  0.10481586  0.44263456
 0.08144476  0.40934844  0.12677054  0.38243626
       0.25        0.25        0.25        0.25
       0.25        0.25        0.25        0.25
       0.25        0.25        0.25        0.25

MOTIF MA0017.2;fwd;NR2F1 GGGCAAAGGTCAAGGGGGG
letter-probability matrix: alength= 4 w= 19 nsites= 20 E= 0
       0.25        0.25        0.25        0.25
       0.25        0.25        0.25        0.25
       0.25        0.25        0.25        0.25
 0.20430565  0.48698094  0.13938053  0.16933288
 0.60253752  0.14031014  0.09561323   0.1615391
 0.52521148  0.03209487  0.40379831  0.03889534
 0.69146252         0.0  0.30853748         0.0
        0.0  0.00248159  0.99751841         0.0
        0.0         0.0         1.0         0.0
        0.0         0.0         0.0         1.0
        0.0         1.0         0.0         0.0
 0.99251029         0.0  0.00748971         0.0
 0.42424745  0.25333776  0.13417365  0.18824115
 0.26776681  0.24595738  0.36445808  0.12181773
 0.27166432  0.20482627  0.32224894  0.20126047
 0.11612363  0.05952332  0.75350558  0.07084747
       0.25        0.25        0.25        0.25
       0.25        0.25        0.25        0.25
       0.25        0.25        0.25        0.25

MOTIF MA0017.2;rev;NR2F1 GGGCCCTTGACCTTTGGGG
letter-probability matrix: alength= 4 w= 19 nsites= 20 E= 0
       0.25        0.25        0.25        0.25
       0.25        0.25        0.25        0.25
       0.25        0.25        0.25        0.25
 0.07084747  0.75350558  0.05952332  0.11612363
 0.20126047  0.32224894  0.20482627  0.27166432
 0.12181773  0.36445808  0.24595738  0.26776681
 0.18824115  0.13417365  0.25333776  0.42424745
        0.0  0.00748971         0.0  0.99251029
        0.0         0.0         1.0         0.0
        1.0         0.0         0.0         0.0
        0.0         1.0         0.0         0.0
        0.0  0.99751841  0.00248159         0.0
        0.0  0.30853748         0.0  0.69146252
 0.03889534  0.40379831  0.03209487  0.52521148
  0.1615391  0.09561323  0.14031014  0.60253752
 0.16933288  0.13938053  0.48698094  0.20430565
       0.25        0.25        0.25        0.25
       0.25        0.25        0.25        0.25
       0.25        0.25        0.25        0.25

MOTIF MA0018.4;fwd;CREB1 GGGTTATGATGTCATAGGG
letter-probability matrix: alength= 4 w= 19 nsites= 20 E= 0
       0.25        0.25        0.25        0.25
       0.25        0.25        0.25        0.25
       0.25        0.25        0.25        0.25
 0.26897063   0.2241401  0.19574072  0.31114855
 0.26511113  0.18915317  0.26531228  0.28042341
 0.35913457  0.16383385  0.34944182  0.12758976
 0.02402444  0.01219451  0.01394197  0.94983908
 0.02172383  0.02888967  0.91213668  0.03724982
 0.92407975  0.02197526  0.02529418  0.02865081
 0.02748165  0.17781354  0.07969174  0.71501307
 0.01781404  0.02382329  0.93534396  0.02301871
 0.11174947  0.01547571  0.01517399  0.85760082
 0.04441567  0.90493312   0.0273685  0.02328271
 0.95317057  0.01279795  0.01536257  0.01866891
 0.12932465  0.27132153  0.18608569  0.41326813
 0.28271146   0.2750176  0.17034597  0.27192497
       0.25        0.25        0.25        0.25
       0.25        0.25        0.25        0.25
       0.25        0.25        0.25        0.25

MOTIF MA0018.4;rev;CREB1 GGGTATGACATCATAAGGG
letter-probability matrix: alength= 4 w= 19 nsites= 20 E= 0
       0.25        0.25        0.25        0.25
       0.25        0.25        0.25        0.25
       0.25        0.25        0.25        0.25
 0.27192497  0.17034597   0.2750176  0.28271146
 0.41326813  0.18608569  0.27132153  0.12932465
 0.01866891  0.01536257  0.01279795  0.95317057
 0.02328271   0.0273685  0.90493312  0.04441567
 0.85760082  0.01517399  0.01547571  0.11174947
 0.02301871  0.93534396  0.02382329  0.01781404
 0.71501307  0.07969174  0.17781354  0.02748165
 0.02865081  0.02529418  0.02197526  0.92407975
 0.03724982  0.91213668  0.02888967  0.02172383
 0.94983908  0.01394197  0.01219451  0.02402444
 0.12758976  0.34944182  0.16383385  0.35913457
 0.28042341  0.26531228  0.18915317  0.26511113
 0.31114855  0.19574072   0.2241401  0.26897063
       0.25        0.25        0.25        0.25
       0.25        0.25        0.25        0.25
       0.25        0.25        0.25        0.25

MOTIF MA0019.1;fwd;DDIT3::CEBPA GGGAGATGCAATCCCGGGG
letter-probability matrix: alength= 4 w= 19 nsites= 20 E= 0
       0.25        0.25        0.25        0.25
       0.25        0.25        0.25        0.25
       0.25        0.25        0.25        0.25
 0.35897436  0.17948718  0.30769231  0.15384615
 0.28205128  0.17948718  0.35897436  0.17948718
 0.46153846  0.07692308  0.38461538  0.07692308
        0.0  0.02564103         0.0  0.97435897
        0.0         0.0  0.97435897  0.02564103
  0.1025641  0.84615385         0.0  0.05128205
 0.97435897  0.02564103         0.0         0.0
 0.92307692  0.05128205  0.02564103         0.0
        0.0  0.15384615         0.0  0.84615385
 0.35897436  0.43589744  0.12820513  0.07692308
  0.1025641  0.58974359  0.23076923  0.07692308
        0.0  0.66666667  0.15384615  0.17948718
       0.25        0.25        0.25        0.25
       0.25        0.25        0.25        0.25
       0.25        0.25        0.25        0.25
       0.25        0.25        0.25        0.25

MOTIF MA0019.1;rev;DDIT3::CEBPA GGGGGGGATTGCATCTGGG
letter-probability matrix: alength= 4 w= 19 nsites= 20 E= 0
       0.25        0.25        0.25        0.25
       0.25        0.25        0.25        0.25
       0.25        0.25        0.25        0.25
       0.25        0.25        0.25        0.25
 0.17948718  0.15384615  0.66666667         0.0
 0.07692308  0.23076923  0.58974359   0.1025641
 0.07692308  0.12820513  0.43589744  0.35897436
 0.84615385         0.0  0.15384615         0.0
        0.0  0.02564103  0.05128205  0.92307692
        0.0         0.0  0.02564103  0.97435897
 0.05128205         0.0  0.84615385   0.1025641
 0.02564103  0.97435897         0.0         0.0
 0.97435897         0.0  0.02564103         0.0
 0.07692308  0.38461538  0.07692308  0.46153846
 0.17948718  0.35897436  0.17948718  0.28205128
 0.15384615  0.30769231  0.17948718  0.35897436
       0.25        0.25        0.25        0.25
       0.25        0.25        0.25        0.25
       0.25        0.25        0.25        0.25

MOTIF MA0024.3;fwd;E2F1 GGGTTTGGCGCCAAAGGGG
letter-probability matrix: alength= 4 w= 19 nsites= 20 E= 0
       0.25        0.25        0.25        0.25
       0.25        0.25        0.25        0.25
       0.25        0.25        0.25        0.25
 0.24828935  0.11241447  0.08699902  0.55229717
 0.23512195  0.04487805  0.09756098  0.62243902
 0.20472441  0.03543307  0.14271654  0.61712598
 0.05325444  0.07001972  0.87573964  0.00098619
        0.0  0.03258656  0.96741344         0.0
        0.0  0.99667221         0.0  0.00332779
        0.0   0.0009901   0.9990099         0.0
 0.00329489  0.96869852  0.02800659         0.0
        0.0  0.85735513  0.06835067  0.07429421
 0.62829736  0.20503597  0.02398082  0.14268585
 0.61445783  0.09638554  0.06987952  0.21927711
  0.5583239  0.06681767  0.12684032  0.24801812
       0.25        0.25        0.25        0.25
       0.25        0.25        0.25        0.25
       0.25        0.25        0.25        0.25
       0.25        0.25        0.25        0.25

MOTIF MA0024.3;rev;E2F1 GGGGTTTGGCGCCAAAGGG
letter-probability matrix: alength= 4 w= 19 nsites= 20 E= 0
       0.25        0.25        0.25        0.25
       0.25        0.25        0.25        0.25
       0.25        0.25        0.25        0.25
       0.25        0.25        0.25        0.25
 0.24801812  0.12684032  0.06681767   0.5583239
 0.21927711  0.06987952  0.09638554  0.61445783
 0.14268585  0.02398082  0.20503597  0.62829736
 0.07429421  0.06835067  0.85735513         0.0
        0.0  0.02800659  0.96869852  0.00329489
        0.0   0.9990099   0.0009901         0.0
 0.00332779         0.0  0.99667221         0.0
        0.0  0.96741344  0.03258656         0.0
 0.00098619  0.87573964  0.07001972  0.05325444
 0.61712598  0.14271654  0.03543307  0.20472441
 0.62243902  0.09756098  0.04487805  0.23512195
 0.55229717  0.08699902  0.11241447  0.24828935
       0.25        0.25        0.25        0.25
       0.25        0.25        0.25        0.25
       0.25        0.25        0.25        0.25

MOTIF MA0025.2;fwd;NFIL3 GGGTATTATGCAATATGGG
letter-probability matrix: alength= 4 w= 19 nsites= 20 E= 0
       0.25        0.25        0.25        0.25
       0.25        0.25        0.25        0.25
       0.25        0.25        0.25        0.25
 0.27691772  0.16976866   0.2441729  0.30914072
 0.39315533  0.16942077  0.31575057  0.12167333
 0.03783267  0.02961385  0.02252566  0.91002783
 0.02035137  0.00904505   0.0745347  0.89606888
 0.92855279  0.00956688  0.04305097  0.01882936
 0.02865716  0.06570708  0.02139503  0.88424074
  0.0634893  0.02030788  0.88967647  0.02652635
 0.05905375  0.52200383  0.01974256  0.39919986
 0.95007827   0.0236128  0.00743608  0.01887285
 0.95281788  0.01091494   0.0156549  0.02061228
 0.09536441   0.2156462  0.11745521  0.57153418
 0.33357975  0.24482519  0.18055314  0.24104192
 0.29100713  0.21434162  0.19490346  0.29974778
       0.25        0.25        0.25        0.25
       0.25        0.25        0.25        0.25
       0.25        0.25        0.25        0.25

MOTIF MA0025.2;rev;NFIL3 GGGATATTGCATAATAGGG
letter-probability matrix: alength= 4 w= 19 nsites= 20 E= 0
       0.25        0.25        0.25        0.25
       0.25        0.25        0.25        0.25
       0.25        0.25        0.25        0.25
 0.29974778  0.19490346  0.21434162  0.29100713
 0.24104192  0.18055314  0.24482519  0.33357975
 0.57153418  0.11745521   0.2156462  0.09536441
 0.02061228   0.0156549  0.01091494  0.95281788
 0.01887285  0.00743608   0.0236128  0.95007827
 0.39919986  0.01974256  0.52200383  0.05905375
 0.02652635  0.88967647  0.02030788   0.0634893
 0.88424074  0.02139503  0.06570708  0.02865716
 0.01882936  0.04305097  0.00956688  0.92855279
 0.89606888   0.0745347  0.00904505  0.02035137
 0.91002783  0.02252566  0.02961385  0.03783267
 0.12167333  0.31575057  0.16942077  0.39315533
 0.30914072   0.2441729  0.16976866  0.27691772
       0.25        0.25        0.25        0.25
       0.25        0.25        0.25        0.25
       0.25        0.25        0.25        0.25

MOTIF MA0027.2;fwd;EN1 GGGGGCTAATTAGGGGGGG
letter-probability matrix: alength= 4 w= 19 nsites= 20 E= 0
       0.25        0.25        0.25        0.25
       0.25        0.25        0.25        0.25
       0.25        0.25        0.25        0.25
       0.25        0.25        0.25        0.25
       0.25        0.25        0.25        0.25
 0.14769976  0.40608786  0.26461432  0.18159806
 0.03467823  0.44281427  0.00166722  0.52084028
 0.94446259  0.03234237  0.02319503         0.0
 0.99040767  0.00959233         0.0         0.0
        0.0         0.0         0.0         1.0
 0.01586418  0.13442805  0.04508767  0.80462009
 0.94693744         0.0   0.0098264  0.04323616
  0.2384083  0.23633218  0.42076125  0.10449827
       0.25        0.25        0.25        0.25
       0.25        0.25        0.25        0.25
       0.25        0.25        0.25        0.25
       0.25        0.25        0.25        0.25
       0.25        0.25        0.25        0.25
       0.25        0.25        0.25        0.25

MOTIF MA0027.2;rev;EN1 GGGGGGCTAATTAGGGGGG
letter-probability matrix: alength= 4 w= 19 nsites= 20 E= 0
       0.25        0.25        0.25        0.25
       0.25        0.25        0.25        0.25
       0.25        0.25        0.25        0.25
       0.25        0.25        0.25        0.25
       0.25        0.25        0.25        0.25
       0.25        0.25        0.25        0.25
 0.10449827  0.42076125  0.23633218   0.2384083
 0.04323616   0.0098264         0.0  0.94693744
 0.80462009  0.04508767  0.13442805  0.01586418
        1.0         0.0         0.0         0.0
        0.0         0.0  0.00959233  0.99040767
        0.0  0.02319503  0.03234237  0.94446259
 0.52084028  0.00166722  0.44281427  0.03467823
 0.18159806  0.26461432  0.40608786  0.14769976
       0.25        0.25        0.25        0.25
       0.25        0.25        0.25        0.25
       0.25        0.25        0.25        0.25
       0.25        0.25        0.25        0.25
       0.25        0.25        0.25        0.25

MOTIF MA0028.2;fwd;ELK1 GGGGACCGGAAGTGGGGGG
letter-probability matrix: alength= 4 w= 19 nsites= 20 E= 0
       0.25        0.25        0.25        0.25
       0.25        0.25        0.25        0.25
       0.25        0.25        0.25        0.25
       0.25        0.25        0.25        0.25
 0.68130708  0.04090192  0.19274474  0.08504626
 0.02497025  0.93986212  0.03032541  0.00484222
 0.00776283  0.99050729  0.00127579  0.00045409
        0.0  0.00045798  0.99897501  0.00056702
   8.59e-05  0.00088049  0.98372168  0.01531193
 0.99306263  0.00505127  0.00134412  0.00054198
 0.94711051  0.00688514  0.00124057  0.04476378
 0.05858813  0.04586425  0.88983643  0.00571118
 0.01691441  0.11649894  0.02073677  0.84584988
 0.28978104  0.14567643  0.37708211  0.18746043
       0.25        0.25        0.25        0.25
       0.25        0.25        0.25        0.25
       0.25        0.25        0.25        0.25
       0.25        0.25        0.25        0.25
       0.25        0.25        0.25        0.25

MOTIF MA0028.2;rev;ELK1 GGGGGCACTTCCGGTGGGG
letter-probability matrix: alength= 4 w= 19 nsites= 20 E= 0
       0.25        0.25        0.25        0.25
       0.25        0.25        0.25        0.25
       0.25        0.25        0.25        0.25
       0.25        0.25        0.25        0.25
       0.25        0.25        0.25        0.25
 0.18746043  0.37708211  0.14567643  0.28978104
 0.84584988  0.02073677  0.11649894  0.01691441
 0.00571118  0.88983643  0.04586425  0.05858813
 0.04476378  0.00124057  0.00688514  0.94711051
 0.00054198  0.00134412  0.00505127  0.99306263
 0.01531193  0.98372168  0.00088049    8.59e-05
 0.00056702  0.99897501  0.00045798         0.0
 0.00045409  0.00127579  0.99050729  0.00776283
 0.00484222  0.03032541  0.93986212  0.02497025
 0.08504626  0.19274474  0.04090192  0.68130708
       0.25        0.25        0.25        0.25
       0.25        0.25        0.25        0.25
       0.25        0.25        0.25        0.25
       0.25        0.25        0.25        0.25

MOTIF MA0029.1;fwd;MECOM GGAAGATAAGATAAGAGGG
letter-probability matrix: alength= 4 w= 19 nsites= 20 E= 0
       0.25        0.25        0.25        0.25
       0.25        0.25        0.25        0.25
 0.51851852  0.07407407  0.22222222  0.18518519
 0.74074074  0.03703704  0.07407407  0.14814815
        0.0  0.03703704  0.92592593  0.03703704
        1.0         0.0         0.0         0.0
 0.03703704  0.37037037         0.0  0.59259259
        1.0         0.0         0.0         0.0
 0.96296296         0.0  0.03703704         0.0
        0.0         0.0         1.0         0.0
        1.0         0.0         0.0         0.0
        0.0  0.11111111         0.0  0.88888889
 0.88888889  0.03703704         0.0  0.07407407
 0.85185185         0.0  0.14814815         0.0
 0.22222222  0.25925926  0.25925926  0.25925926
 0.55555556  0.22222222  0.11111111  0.11111111
       0.25        0.25        0.25        0.25
       0.25        0.25        0.25        0.25
       0.25        0.25        0.25        0.25

MOTIF MA0029.1;rev;MECOM GGGTGTTATCTTATCTTGG
letter-probability matrix: alength= 4 w= 19 nsites= 20 E= 0
       0.25        0.25        0.25        0.25
       0.25        0.25        0.25        0.25
       0.25        0.25        0.25        0.25
 0.11111111  0.11111111  0.22222222  0.55555556
 0.25925926  0.25925926  0.25925926  0.22222222
        0.0  0.14814815         0.0  0.85185185
 0.07407407         0.0  0.03703704  0.88888889
 0.88888889         0.0  0.11111111         0.0
        0.0         0.0         0.0         1.0
        0.0         1.0         0.0         0.0
        0.0  0.03703704         0.0  0.96296296
        0.0         0.0         0.0         1.0
 0.59259259         0.0  0.37037037  0.03703704
        0.0         0.0         0.0         1.0
 0.03703704  0.92592593  0.03703704         0.0
 0.14814815  0.07407407  0.03703704  0.74074074
 0.18518519  0.22222222  0.07407407  0.51851852
       0.25        0.25        0.25        0.25
       0.25        0.25        0.25        0.25

MOTIF MA0030.1;fwd;FOXF2 GGCAAACGTAAACAATGGG
letter-probability matrix: alength= 4 w= 19 nsites= 20 E= 0
       0.25        0.25        0.25        0.25
       0.25        0.25        0.25        0.25
 0.03703704  0.37037037  0.25925926  0.33333333
 0.37037037  0.25925926  0.18518519  0.18518519
 0.62962963  0.14814815  0.07407407  0.14814815
 0.46428571  0.17857143  0.17857143  0.17857143
 0.13636364         0.5  0.36363636         0.0
 0.25925926         0.0  0.74074074         0.0
        0.0         0.0         0.0         1.0
        1.0         0.0         0.0         0.0
        1.0         0.0         0.0         0.0
        1.0         0.0         0.0         0.0
        0.0  0.92592593         0.0  0.07407407
        1.0         0.0         0.0         0.0
 0.59259259  0.14814815  0.07407407  0.18518519
 0.25925926  0.14814815  0.22222222  0.37037037
       0.25        0.25        0.25        0.25
       0.25        0.25        0.25        0.25
       0.25        0.25        0.25        0.25

MOTIF MA0030.1;rev;FOXF2 GGGATTGTTTACGTTTGGG
letter-probability matrix: alength= 4 w= 19 nsites= 20 E= 0
       0.25        0.25        0.25        0.25
       0.25        0.25        0.25        0.25
       0.25        0.25        0.25        0.25
 0.37037037  0.22222222  0.14814815  0.25925926
 0.18518519  0.07407407  0.14814815  0.59259259
        0.0         0.0         0.0         1.0
 0.07407407         0.0  0.92592593         0.0
        0.0         0.0         0.0         1.0
        0.0         0.0         0.0         1.0
        0.0         0.0         0.0         1.0
        1.0         0.0         0.0         0.0
        0.0  0.74074074         0.0  0.25925926
        0.0  0.36363636         0.5  0.13636364
 0.17857143  0.17857143  0.17857143  0.46428571
 0.14814815  0.07407407  0.14814815  0.62962963
 0.18518519  0.18518519  0.25925926  0.37037037
 0.33333333  0.25925926  0.37037037  0.03703704
       0.25        0.25        0.25        0.25
       0.25        0.25        0.25        0.25

MOTIF MA0031.1;fwd;FOXD1 GGGGGGTAAACATGGGGGG
letter-probability matrix: alength= 4 w= 19 nsites= 20 E= 0
       0.25        0.25        0.25        0.25
       0.25        0.25        0.25        0.25
       0.25        0.25        0.25        0.25
       0.25        0.25        0.25        0.25
       0.25        0.25        0.25        0.25
       0.05        0.05        0.85        0.05
        0.0         0.0         0.0         1.0
       0.95        0.05         0.0         0.0
        1.0         0.0         0.0         0.0
        0.9        0.05        0.05         0.0
       0.05         0.9         0.0        0.05
        1.0         0.0         0.0         0.0
       0.35         0.1        0.15         0.4
       0.25        0.25        0.25        0.25
       0.25        0.25        0.25        0.25
       0.25        0.25        0.25        0.25
       0.25        0.25        0.25        0.25
       0.25        0.25        0.25        0.25
       0.25        0.25        0.25        0.25

MOTIF MA0031.1;rev;FOXD1 GGGGGGATGTTTACGGGGG
letter-probability matrix: alength= 4 w= 19 nsites= 20 E= 0
       0.25        0.25        0.25        0.25
       0.25        0.25        0.25        0.25
       0.25        0.25        0.25        0.25
       0.25        0.25        0.25        0.25
       0.25        0.25        0.25        0.25
       0.25        0.25        0.25        0.25
        0.4        0.15         0.1        0.35
        0.0         0.0         0.0         1.0
       0.05         0.0         0.9        0.05
        0.0        0.05        0.05         0.9
        0.0         0.0         0.0         1.0
        0.0         0.0        0.05        0.95
        1.0         0.0         0.0         0.0
       0.05        0.85        0.05        0.05
       0.25        0.25        0.25        0.25
       0.25        0.25        0.25        0.25
       0.25        0.25        0.25        0.25
       0.25        0.25        0.25        0.25
       0.25        0.25        0.25        0.25

MOTIF MA0032.2;fwd;FOXC1 GGGGTATGTAAATATGGGG
letter-probability matrix: alength= 4 w= 19 nsites= 20 E= 0
       0.25        0.25        0.25        0.25
       0.25        0.25        0.25        0.25
       0.25        0.25        0.25        0.25
       0.25        0.25        0.25        0.25
  0.3297557   0.0394562  0.01553716  0.61525095
 0.69523856  0.03533466  0.20215503  0.06727176
 0.34438675   0.0876129  0.10567651  0.46232384
 0.25736385  0.01780038  0.72213393  0.00270184
 0.10839449  0.07174187  0.01693664    0.802927
 0.70692536  0.28951765  0.00113177  0.00242522
 0.99115471  0.00578964         0.0  0.00305564
 0.98356208  0.00297904   0.0075008  0.00595808
 0.00649731  0.46769985  0.00878735   0.5170155
 0.96634088  0.00141117  0.02263106  0.00961689
 0.31681951  0.07365037  0.05233053  0.55719958
       0.25        0.25        0.25        0.25
       0.25        0.25        0.25        0.25
       0.25        0.25        0.25        0.25
       0.25        0.25        0.25        0.25

MOTIF MA0032.2;rev;FOXC1 GGGGATATTTACATAGGGG
letter-probability matrix: alength= 4 w= 19 nsites= 20 E= 0
       0.25        0.25        0.25        0.25
       0.25        0.25        0.25        0.25
       0.25        0.25        0.25        0.25
       0.25        0.25        0.25        0.25
 0.55719958  0.05233053  0.07365037  0.31681951
 0.00961689  0.02263106  0.00141117  0.96634088
  0.5170155  0.00878735  0.46769985  0.00649731
 0.00595808   0.0075008  0.00297904  0.98356208
 0.00305564         0.0  0.00578964  0.99115471
 0.00242522  0.00113177  0.28951765  0.70692536
   0.802927  0.01693664  0.07174187  0.10839449
 0.00270184  0.72213393  0.01780038  0.25736385
 0.46232384  0.10567651   0.0876129  0.34438675
 0.06727176  0.20215503  0.03533466  0.69523856
 0.61525095  0.01553716   0.0394562   0.3297557
       0.25        0.25        0.25        0.25
       0.25        0.25        0.25        0.25
       0.25        0.25        0.25        0.25
       0.25        0.25        0.25        0.25

MOTIF MA0033.2;fwd;FOXL1 GGGGGGGTAAACAGGGGGG
letter-probability matrix: alength= 4 w= 19 nsites= 20 E= 0
       0.25        0.25        0.25        0.25
       0.25        0.25        0.25        0.25
       0.25        0.25        0.25        0.25
       0.25        0.25        0.25        0.25
       0.25        0.25        0.25        0.25
       0.25        0.25        0.25        0.25
 0.42610987  0.00263531  0.54287452   0.0283803
 0.00192086   0.0799078         0.0  0.91817134
 0.87465691  0.11491308  0.01043001         0.0
 0.98903373  0.00786261         0.0  0.00310366
 0.97312704  0.01669381  0.01017915         0.0
        0.0  0.77887029         0.0  0.22112971
 0.98536384  0.01113173         0.0  0.00350443
       0.25        0.25        0.25        0.25
       0.25        0.25        0.25        0.25
       0.25        0.25        0.25        0.25
       0.25        0.25        0.25        0.25
       0.25        0.25        0.25        0.25
       0.25        0.25        0.25        0.25

MOTIF MA0033.2;rev;FOXL1 GGGGGGTGTTTACGGGGGG
letter-probability matrix: alength= 4 w= 19 nsites= 20 E= 0
       0.25        0.25        0.25        0.25
       0.25        0.25        0.25        0.25
       0.25        0.25        0.25        0.25
       0.25        0.25        0.25        0.25
       0.25        0.25        0.25        0.25
       0.25        0.25        0.25        0.25
 0.00350443         0.0  0.01113173  0.98536384
 0.22112971         0.0  0.77887029         0.0
        0.0  0.01017915  0.01669381  0.97312704
 0.00310366         0.0  0.00786261  0.98903373
        0.0  0.01043001  0.11491308  0.87465691
 0.91817134         0.0   0.0799078  0.00192086
  0.0283803  0.54287452  0.00263531  0.42610987
       0.25        0.25        0.25        0.25
       0.25        0.25        0.25        0.25
       0.25        0.25        0.25        0.25
       0.25        0.25        0.25        0.25
       0.25        0.25        0.25        0.25
       0.25        0.25        0.25        0.25

MOTIF MA0035.4;fwd;GATA1 GGGGTTCTAATCTATGGGG
letter-probability matrix: alength= 4 w= 19 nsites= 20 E= 0
       0.25        0.25        0.25        0.25
       0.25        0.25        0.25        0.25
       0.25        0.25        0.25        0.25
       0.25        0.25        0.25        0.25
 0.30919697   0.1699755  0.19428357  0.32654397
 0.24124297  0.20171799  0.15436877  0.40267027
 0.05503425  0.86900652  0.03775686  0.03820237
  0.0182937  0.00828368  0.00907724  0.96434538
 0.69181935  0.00988472  0.01191736  0.28637857
 0.94044105  0.01798741  0.01375508  0.02781645
 0.03071226  0.01723562  0.00860389  0.94344824
 0.03573815  0.91798463  0.02047948  0.02579774
 0.10298212   0.0421145  0.01065044  0.84425294
  0.3695634  0.15573314  0.19989419  0.27480927
 0.31542017  0.21246589  0.12982402  0.34228991
       0.25        0.25        0.25        0.25
       0.25        0.25        0.25        0.25
       0.25        0.25        0.25        0.25
       0.25        0.25        0.25        0.25

MOTIF MA0035.4;rev;GATA1 GGGGATAGATTAGAAGGGG
letter-probability matrix: alength= 4 w= 19 nsites= 20 E= 0
